   0.0000000e+00   0.0000000e+00   5.0202896e-01
   1.0000000e-02   7.7894582e-04   9.9985177e-01
   2.0000000e-02   3.1296962e-03   9.7906207e-01
   3.0000000e-02   6.9919141e-03   9.6261763e-01
   4.0000000e-02   1.2444470e-02   9.3803661e-01
   5.0000000e-02   1.9148167e-02   9.0251234e-01
   6.0000000e-02   2.7545758e-02   8.5661933e-01
   7.0000000e-02   3.7039941e-02   8.0708530e-01
   8.0000000e-02   4.7614847e-02   7.6213147e-01
   9.0000000e-02   5.9664961e-02   7.0793933e-01
   1.0000000e-01   7.2454853e-02   6.4512105e-01
   1.1000000e-01   8.6398036e-02   5.9274715e-01
   1.2000000e-01   1.0082488e-01   5.3309260e-01
   1.3000000e-01   1.1615373e-01   4.7300223e-01
   1.4000000e-01   1.3186728e-01   4.1486040e-01
   1.5000000e-01   1.4820329e-01   3.5875040e-01
   1.6000000e-01   1.6409901e-01   3.0522155e-01
   1.7000000e-01   1.8052444e-01   2.5596369e-01
   1.8000000e-01   1.9854503e-01   2.0593357e-01
   1.9000000e-01   2.1604537e-01   1.5959842e-01
   2.0000000e-01   2.3176916e-01   1.1723836e-01
   2.1000000e-01   2.4922791e-01   7.7715976e-02
   2.2000000e-01   2.6412765e-01   4.0706138e-02
   2.3000000e-01   2.8084169e-01   7.0392864e-03
   2.4000000e-01   2.9722195e-01  -2.3661115e-02
   2.5000000e-01   3.1100547e-01  -5.1336730e-02
   2.6000000e-01   3.2674159e-01  -7.5726061e-02
   2.7000000e-01   3.3884011e-01  -9.7904619e-02
   2.8000000e-01   3.5497448e-01  -1.1692887e-01
   2.9000000e-01   3.6613994e-01  -1.3334329e-01
   3.0000000e-01   3.7847245e-01  -1.4744768e-01
   3.1000000e-01   3.8841861e-01  -1.5984949e-01
   3.2000000e-01   3.9996341e-01  -1.6977391e-01
   3.3000000e-01   4.0771633e-01  -1.7568095e-01
   3.4000000e-01   4.1426481e-01  -1.8115586e-01
   3.5000000e-01   4.2442260e-01  -1.8447280e-01
   3.6000000e-01   4.3063316e-01  -1.8592066e-01
   3.7000000e-01   4.3648539e-01  -1.8581229e-01
   3.8000000e-01   4.3765130e-01  -1.8362157e-01
   3.9000000e-01   4.4288674e-01  -1.8038412e-01
   4.0000000e-01   4.4412733e-01  -1.7580368e-01
   4.1000000e-01   4.4660828e-01  -1.6863589e-01
   4.2000000e-01   4.4856708e-01  -1.6016559e-01
   4.3000000e-01   4.4737322e-01  -1.5156540e-01
   4.4000000e-01   4.4427702e-01  -1.4074561e-01
   4.5000000e-01   4.4059477e-01  -1.2841601e-01
   4.6000000e-01   4.3937041e-01  -1.1660411e-01
   4.7000000e-01   4.3701315e-01  -1.0220782e-01
   4.8000000e-01   4.3046446e-01  -8.7961224e-02
   4.9000000e-01   4.2232654e-01  -7.2437066e-02
   5.0000000e-01   4.1643703e-01  -5.6530226e-02
   5.1000000e-01   4.0978349e-01  -3.9504977e-02
   5.2000000e-01   4.0122196e-01  -2.2047489e-02
   5.3000000e-01   3.9296909e-01  -4.0629938e-03
   5.4000000e-01   3.8533414e-01   1.4329978e-02
   5.5000000e-01   3.7454240e-01   3.2775206e-02
   5.6000000e-01   3.6332774e-01   5.1894412e-02
   5.7000000e-01   3.5218792e-01   7.0715425e-02
   5.8000000e-01   3.4221044e-01   8.9656045e-02
   5.9000000e-01   3.2895705e-01   1.0768944e-01
   6.0000000e-01   3.1702494e-01   1.2656996e-01
   6.1000000e-01   3.0438902e-01   1.4421022e-01
   6.2000000e-01   2.9420929e-01   1.6171956e-01
   6.3000000e-01   2.7927970e-01   1.7763918e-01
   6.4000000e-01   2.6680619e-01   1.9437425e-01
   6.5000000e-01   2.5415844e-01   2.0981782e-01
   6.6000000e-01   2.4037358e-01   2.2270502e-01
   6.7000000e-01   2.2709348e-01   2.3565628e-01
   6.8000000e-01   2.1545284e-01   2.4893618e-01
   6.9000000e-01   2.0156529e-01   2.5890947e-01
   7.0000000e-01   1.8902477e-01   2.7007553e-01
   7.1000000e-01   1.7512468e-01   2.7847534e-01
   7.2000000e-01   1.6242186e-01   2.8466497e-01
   7.3000000e-01   1.4959049e-01   2.9094259e-01
   7.4000000e-01   1.3717956e-01   2.9615462e-01
   7.5000000e-01   1.2540759e-01   2.9917985e-01
   7.6000000e-01   1.1415379e-01   3.0422507e-01
   7.7000000e-01   1.0218013e-01   3.0395557e-01
   7.8000000e-01   9.0862549e-02   3.0511951e-01
   7.9000000e-01   8.0068306e-02   3.0149863e-01
   8.0000000e-01   6.9885085e-02   3.0003457e-01
   8.1000000e-01   5.9414651e-02   2.9676279e-01
   8.2000000e-01   4.9613426e-02   2.9172942e-01
   8.3000000e-01   4.0608091e-02   2.8904913e-01
   8.4000000e-01   3.1436579e-02   2.8069765e-01
   8.5000000e-01   2.2724609e-02   2.7505866e-01
   8.6000000e-01   1.4601644e-02   2.6706805e-01
   8.7000000e-01   6.6921508e-03   2.5986716e-01
   8.8000000e-01  -7.1257161e-04   2.5320765e-01
   8.9000000e-01  -7.7610254e-03   2.4399749e-01
   9.0000000e-01  -1.4400246e-02   2.3480640e-01
   9.1000000e-01  -2.0696736e-02   2.2549139e-01
   9.2000000e-01  -2.6561133e-02   2.1622325e-01
   9.3000000e-01  -3.1952268e-02   2.0775148e-01
   9.4000000e-01  -3.7203872e-02   1.9716566e-01
   9.5000000e-01  -4.2014278e-02   1.8899425e-01
   9.6000000e-01  -4.6199630e-02   1.7886238e-01
   9.7000000e-01  -5.0194460e-02   1.6921689e-01
   9.8000000e-01  -5.3894438e-02   1.6023313e-01
   9.9000000e-01  -5.7403172e-02   1.5146599e-01
   1.0000000e+00  -6.0313332e-02   1.4181335e-01
   1.0100000e+00  -6.3112231e-02   1.3317447e-01
   1.0200000e+00  -6.5206044e-02   1.2500091e-01
   1.0300000e+00  -6.7651325e-02   1.1602329e-01
   1.0400000e+00  -6.9292024e-02   1.0777889e-01
   1.0500000e+00  -7.0532834e-02   9.9436217e-02
   1.0600000e+00  -7.1982360e-02   9.1581424e-02
   1.0700000e+00  -7.3258507e-02   8.4025350e-02
   1.0800000e+00  -7.3557957e-02   7.6752129e-02
   1.0900000e+00  -7.4069295e-02   6.9960480e-02
   1.1000000e+00  -7.4410276e-02   6.3554204e-02
   1.1100000e+00  -7.4556597e-02   5.6670119e-02
   1.1200000e+00  -7.4755955e-02   5.0936151e-02
   1.1300000e+00  -7.4053853e-02   4.4638435e-02
   1.1400000e+00  -7.3375507e-02   3.9165434e-02
   1.1500000e+00  -7.2897696e-02   3.3767943e-02
   1.1600000e+00  -7.2009969e-02   2.8802336e-02
   1.1700000e+00  -7.0690187e-02   2.3774221e-02
   1.1800000e+00  -6.9553284e-02   1.9167557e-02
   1.1900000e+00  -6.8319188e-02   1.4733118e-02
   1.2000000e+00  -6.6647022e-02   1.0421463e-02
   1.2100000e+00  -6.5554078e-02   6.3354034e-03
   1.2200000e+00  -6.3951150e-02   2.4951232e-03
   1.2300000e+00  -6.1887897e-02  -1.1840260e-03
   1.2400000e+00  -5.9858567e-02  -4.6522303e-03
   1.2500000e+00  -5.8318884e-02  -7.9301172e-03
   1.2600000e+00  -5.6016243e-02  -1.0973562e-02
   1.2700000e+00  -5.3881163e-02  -1.3905185e-02
   1.2800000e+00  -5.1798647e-02  -1.6567904e-02
   1.2900000e+00  -4.9403078e-02  -1.9192853e-02
   1.3000000e+00  -4.6964431e-02  -2.1518941e-02
   1.3100000e+00  -4.5040415e-02  -2.3670897e-02
   1.3200000e+00  -4.2322869e-02  -2.5538537e-02
   1.3300000e+00  -4.0038688e-02  -2.7487557e-02
   1.3400000e+00  -3.7559005e-02  -2.9188377e-02
   1.3500000e+00  -3.5135418e-02  -3.0710806e-02
   1.3600000e+00  -3.2843904e-02  -3.2154221e-02
   1.3700000e+00  -3.0483096e-02  -3.3469447e-02
   1.3800000e+00  -2.8104775e-02  -3.4422624e-02
   1.3900000e+00  -2.5631070e-02  -3.5386880e-02
   1.4000000e+00  -2.3069135e-02  -3.6469382e-02
   1.4100000e+00  -2.0794528e-02  -3.7136037e-02
   1.4200000e+00  -1.8510299e-02  -3.7828616e-02
   1.4300000e+00  -1.6125793e-02  -3.8453254e-02
   1.4400000e+00  -1.3855275e-02  -3.8762521e-02
   1.4500000e+00  -1.1522521e-02  -3.8941294e-02
   1.4600000e+00  -9.3857178e-03  -3.9064425e-02
   1.4700000e+00  -7.1877178e-03  -3.9225581e-02
   1.4800000e+00  -5.1039009e-03  -3.9450740e-02
   1.4900000e+00  -3.0265288e-03  -3.9273797e-02
   1.5000000e+00  -1.0278739e-03  -3.9185332e-02
   1.5100000e+00   8.9570471e-04  -3.8690859e-02
   1.5200000e+00   2.7682545e-03  -3.8362812e-02
   1.5300000e+00   4.5833742e-03  -3.8220668e-02
   1.5400000e+00   6.3154640e-03  -3.7473529e-02
   1.5500000e+00   7.9765841e-03  -3.7044725e-02
   1.5600000e+00   9.6000180e-03  -3.6454955e-02
   1.5700000e+00   1.1106587e-02  -3.5680443e-02
   1.5800000e+00   1.2510266e-02  -3.5043183e-02
   1.5900000e+00   1.3832823e-02  -3.3976533e-02
   1.6000000e+00   1.5139552e-02  -3.3179986e-02
   1.6100000e+00   1.6468856e-02  -3.2374274e-02
   1.6200000e+00   1.7489977e-02  -3.1253612e-02
   1.6300000e+00   1.8652059e-02  -3.0220901e-02
   1.6400000e+00   1.9680717e-02  -2.9202153e-02
   1.6500000e+00   2.0532859e-02  -2.8027018e-02
   1.6600000e+00   2.1321069e-02  -2.7024770e-02
   1.6700000e+00   2.2124289e-02  -2.5613046e-02
   1.6800000e+00   2.2867066e-02  -2.4435493e-02
   1.6900000e+00   2.3517604e-02  -2.3246725e-02
   1.7000000e+00   2.4179062e-02  -2.2134635e-02
   1.7100000e+00   2.4438470e-02  -2.0836282e-02
   1.7200000e+00   2.4897327e-02  -1.9507147e-02
   1.7300000e+00   2.5303678e-02  -1.8332327e-02
   1.7400000e+00   2.5538472e-02  -1.7060065e-02
   1.7500000e+00   2.5709004e-02  -1.5736544e-02
   1.7600000e+00   2.5938137e-02  -1.4440923e-02
   1.7700000e+00   2.6017307e-02  -1.3193827e-02
   1.7800000e+00   2.5890691e-02  -1.1873257e-02
   1.7900000e+00   2.6051546e-02  -1.0639907e-02
   1.8000000e+00   2.5690796e-02  -9.4524801e-03
   1.8100000e+00   2.5742046e-02  -8.2489760e-03
   1.8200000e+00   2.5343651e-02  -7.0331015e-03
   1.8300000e+00   2.5138483e-02  -5.8989974e-03
   1.8400000e+00   2.4739186e-02  -4.7390328e-03
   1.8500000e+00   2.4488547e-02  -3.5943551e-03
   1.8600000e+00   2.3962596e-02  -2.5003984e-03
   1.8700000e+00   2.3574098e-02  -1.4286138e-03
   1.8800000e+00   2.3100884e-02  -3.9482825e-04
   1.8900000e+00   2.2519372e-02   6.1134965e-04
   1.9000000e+00   2.1922204e-02   1.5816341e-03
   1.9100000e+00   2.1402379e-02   2.5193809e-03
   1.9200000e+00   2.0817625e-02   3.4474830e-03
   1.9300000e+00   2.0145162e-02   4.2942503e-03
   1.9400000e+00   1.9442717e-02   5.1146048e-03
   1.9500000e+00   1.8812380e-02   5.9542416e-03
   1.9600000e+00   1.8089025e-02   6.6754828e-03
   1.9700000e+00   1.7324011e-02   7.3778596e-03
   1.9800000e+00   1.6551146e-02   8.0808941e-03
   1.9900000e+00   1.5749106e-02   8.7110807e-03
   2.0000000e+00   1.5016510e-02   9.3040197e-03
   2.0100000e+00   1.4257103e-02   9.9009898e-03
   2.0200000e+00   1.3476776e-02   1.0445434e-02
   2.0300000e+00   1.2670437e-02   1.0852987e-02
   2.0400000e+00   1.1802043e-02   1.1321001e-02
   2.0500000e+00   1.1057037e-02   1.1755559e-02
   2.0600000e+00   1.0247178e-02   1.2130543e-02
   2.0700000e+00   9.4850854e-03   1.2463082e-02
   2.0800000e+00   8.6816820e-03   1.2654894e-02
   2.0900000e+00   7.8710143e-03   1.2922986e-02
   2.1000000e+00   7.1557108e-03   1.3090319e-02
   2.1100000e+00   6.3553703e-03   1.3221879e-02
   2.1200000e+00   5.6211011e-03   1.3337672e-02
   2.1300000e+00   4.9116542e-03   1.3447307e-02
   2.1400000e+00   4.2027496e-03   1.3534665e-02
   2.1500000e+00   3.5121219e-03   1.3549168e-02
   2.1600000e+00   2.8402335e-03   1.3522420e-02
   2.1700000e+00   2.1741462e-03   1.3423550e-02
   2.1800000e+00   1.5392412e-03   1.3331172e-02
   2.1900000e+00   9.2667314e-04   1.3130596e-02
   2.2000000e+00   3.2642272e-04   1.3003549e-02
   2.2100000e+00  -2.5069285e-04   1.2910431e-02
   2.2200000e+00  -8.0635162e-04   1.2704908e-02
   2.2300000e+00  -1.3472645e-03   1.2390005e-02
   2.2400000e+00  -1.8643428e-03   1.2200730e-02
   2.2500000e+00  -2.3704436e-03   1.1901484e-02
   2.2600000e+00  -2.8389510e-03   1.1684849e-02
   2.2700000e+00  -3.2997314e-03   1.1444343e-02
   2.2800000e+00  -3.7351178e-03   1.1145575e-02
   2.2900000e+00  -4.1600497e-03   1.0745111e-02
   2.3000000e+00  -4.5441103e-03   1.0482553e-02
   2.3100000e+00  -4.9328804e-03   1.0073115e-02
   2.3200000e+00  -5.2783111e-03   9.7541039e-03
   2.3300000e+00  -5.5987744e-03   9.3897251e-03
   2.3400000e+00  -5.9067925e-03   9.0186638e-03
   2.3500000e+00  -6.1899623e-03   8.6094259e-03
   2.3600000e+00  -6.4426200e-03   8.1679310e-03
   2.3700000e+00  -6.6699055e-03   7.7846960e-03
   2.3800000e+00  -6.9205917e-03   7.3718261e-03
   2.3900000e+00  -7.0894363e-03   6.9656137e-03
   2.4000000e+00  -7.2684747e-03   6.5532973e-03
   2.4100000e+00  -7.4073361e-03   6.1549583e-03
   2.4200000e+00  -7.4916991e-03   5.7269612e-03
   2.4300000e+00  -7.5868690e-03   5.2844454e-03
   2.4400000e+00  -7.6860388e-03   4.8951530e-03
   2.4500000e+00  -7.7234621e-03   4.5021002e-03
   2.4600000e+00  -7.7749992e-03   4.0910445e-03
   2.4700000e+00  -7.7731681e-03   3.7023644e-03
   2.4800000e+00  -7.7734983e-03   3.3314673e-03
   2.4900000e+00  -7.6952612e-03   2.9459959e-03
   2.5000000e+00  -7.6688563e-03   2.5738285e-03
   2.5100000e+00  -7.6215218e-03   2.2060857e-03
   2.5200000e+00  -7.4940001e-03   1.8515320e-03
   2.5300000e+00  -7.4388625e-03   1.5173118e-03
   2.5400000e+00  -7.2889409e-03   1.1827117e-03
   2.5500000e+00  -7.1645039e-03   8.5796627e-04
   2.5600000e+00  -7.0232213e-03   5.4336320e-04
   2.5700000e+00  -6.8698323e-03   2.3869378e-04
   2.5800000e+00  -6.6882771e-03  -5.6998402e-05
   2.5900000e+00  -6.5126720e-03  -3.4064499e-04
   2.6000000e+00  -6.3568957e-03  -6.1703991e-04
   2.6100000e+00  -6.1747947e-03  -8.8541930e-04
   2.6200000e+00  -6.0075223e-03  -1.1427299e-03
   2.6300000e+00  -5.8329004e-03  -1.3938879e-03
   2.6400000e+00  -5.5882830e-03  -1.6199513e-03
   2.6500000e+00  -5.4050315e-03  -1.8470718e-03
   2.6600000e+00  -5.1769623e-03  -2.0738434e-03
   2.6700000e+00  -4.9681813e-03  -2.2808857e-03
   2.6800000e+00  -4.7144851e-03  -2.4825270e-03
   2.6900000e+00  -4.4951496e-03  -2.6645549e-03
   2.7000000e+00  -4.2392977e-03  -2.8282311e-03
   2.7100000e+00  -4.0082205e-03  -2.9933227e-03
   2.7200000e+00  -3.7451346e-03  -3.1587272e-03
   2.7300000e+00  -3.5100825e-03  -3.2868094e-03
   2.7400000e+00  -3.2823294e-03  -3.4095525e-03
   2.7500000e+00  -3.0413479e-03  -3.5238618e-03
   2.7600000e+00  -2.7989881e-03  -3.6357152e-03
   2.7700000e+00  -2.5544451e-03  -3.6987088e-03
   2.7800000e+00  -2.3170556e-03  -3.7895022e-03
   2.7900000e+00  -2.0848380e-03  -3.8441377e-03
   2.8000000e+00  -1.8684262e-03  -3.9042868e-03
   2.8100000e+00  -1.6462251e-03  -3.9418607e-03
   2.8200000e+00  -1.4262121e-03  -3.9693136e-03
   2.8300000e+00  -1.2141271e-03  -3.9992262e-03
   2.8400000e+00  -1.0030184e-03  -3.9820127e-03
   2.8500000e+00  -8.0660143e-04  -4.0045633e-03
   2.8600000e+00  -6.0965311e-04  -3.9761155e-03
   2.8700000e+00  -4.2352918e-04  -3.9549117e-03
   2.8800000e+00  -2.4434195e-04  -3.8914603e-03
   2.8900000e+00  -7.0779758e-05  -3.8767728e-03
   2.9000000e+00   9.5632445e-05  -3.8171839e-03
   2.9100000e+00   2.5493414e-04  -3.7262161e-03
   2.9200000e+00   4.0554229e-04  -3.6647471e-03
   2.9300000e+00   5.5321091e-04  -3.6020312e-03
   2.9400000e+00   6.9204342e-04  -3.5000146e-03
   2.9500000e+00   8.2180831e-04  -3.4030079e-03
   2.9600000e+00   9.4282051e-04  -3.3109729e-03
   2.9700000e+00   1.0670932e-03  -3.2251766e-03
   2.9800000e+00   1.1742494e-03  -3.1245602e-03
   2.9900000e+00   1.2804487e-03  -3.0086825e-03
   3.0000000e+00   1.3916566e-03  -2.9203089e-03
   3.0100000e+00   1.4901589e-03  -2.8204869e-03
   3.0200000e+00   1.5777099e-03  -2.7208104e-03
   3.0300000e+00   1.6704738e-03  -2.6190116e-03
   3.0400000e+00   1.7378298e-03  -2.5043389e-03
   3.0500000e+00   1.8254520e-03  -2.3914848e-03
   3.0600000e+00   1.8950806e-03  -2.2603072e-03
   3.0700000e+00   1.9657998e-03  -2.1328953e-03
   3.0800000e+00   2.0192618e-03  -2.0223689e-03
   3.0900000e+00   2.0742303e-03  -1.8946277e-03
   3.1000000e+00   2.1250253e-03  -1.7622545e-03
   3.1100000e+00   2.1556205e-03  -1.6354516e-03
   3.1200000e+00   2.1868806e-03  -1.5065096e-03
   3.1300000e+00   2.2283275e-03  -1.3800387e-03
   3.1400000e+00   2.2560318e-03  -1.2560135e-03
   3.1500000e+00   2.2696448e-03  -1.1252992e-03
   3.1600000e+00   2.2834340e-03  -1.0012859e-03
   3.1700000e+00   2.2667231e-03  -8.7534326e-04
   3.1800000e+00   2.2839691e-03  -7.5919365e-04
   3.1900000e+00   2.2755759e-03  -6.4086386e-04
   3.2000000e+00   2.2551333e-03  -5.2992359e-04
   3.2100000e+00   2.2239818e-03  -4.1958588e-04
   3.2200000e+00   2.2063140e-03  -3.1118173e-04
   3.2300000e+00   2.1786345e-03  -2.0926958e-04
   3.2400000e+00   2.1350667e-03  -1.1095068e-04
   3.2500000e+00   2.0949702e-03  -1.6798318e-05
   3.2600000e+00   2.0474450e-03   7.3323136e-05
   3.2700000e+00   2.0023538e-03   1.5889052e-04
   3.2800000e+00   1.9561045e-03   2.3987244e-04
   3.2900000e+00   1.8944925e-03   3.1612382e-04
   3.3000000e+00   1.8246951e-03   3.8802378e-04
   3.3100000e+00   1.7721435e-03   4.5685965e-04
   3.3200000e+00   1.6932244e-03   5.1609592e-04
   3.3300000e+00   1.6266245e-03   5.7625578e-04
   3.3400000e+00   1.5503235e-03   6.2691187e-04
   3.3500000e+00   1.4822435e-03   6.7480947e-04
   3.3600000e+00   1.3925257e-03   7.1963319e-04
   3.3700000e+00   1.3148433e-03   7.6356840e-04
   3.3800000e+00   1.2406019e-03   7.9552662e-04
   3.3900000e+00   1.1648292e-03   8.3371023e-04
   3.4000000e+00   1.0827069e-03   8.5723056e-04
   3.4100000e+00   1.0047190e-03   8.9076761e-04
   3.4200000e+00   9.2772963e-04   9.1314195e-04
   3.4300000e+00   8.4952676e-04   9.3031763e-04
   3.4400000e+00   7.7071680e-04   9.4725218e-04
   3.4500000e+00   6.9955882e-04   9.5978926e-04
   3.4600000e+00   6.3723685e-04   9.7694862e-04
   3.4700000e+00   5.6961024e-04   9.9072835e-04
   3.4800000e+00   5.1107190e-04   1.0065865e-03
   3.4900000e+00   4.4938287e-04   1.0193143e-03
   3.5000000e+00   3.9101348e-04   1.0278771e-03
   3.5100000e+00   3.2887246e-04   1.0297796e-03
   3.5200000e+00   2.6645395e-04   1.0307627e-03
   3.5300000e+00   2.0627051e-04   1.0338083e-03
   3.5400000e+00   1.4512977e-04   1.0307765e-03
   3.5500000e+00   8.4211056e-05   1.0320380e-03
   3.5600000e+00   2.4011715e-05   1.0314064e-03
   3.5700000e+00  -3.4625002e-05   1.0178517e-03
   3.5800000e+00  -9.1898016e-05   1.0116514e-03
   3.5900000e+00  -1.4796859e-04   9.9313128e-04
   3.6000000e+00  -2.0054029e-04   9.8177593e-04
   3.6100000e+00  -2.5167454e-04   9.6736488e-04
   3.6200000e+00  -3.0164042e-04   9.4608552e-04
   3.6300000e+00  -3.4802723e-04   9.3301233e-04
   3.6400000e+00  -3.9405332e-04   9.0718155e-04
   3.6500000e+00  -4.3675414e-04   8.8039318e-04
   3.6600000e+00  -4.7488137e-04   8.6062613e-04
   3.6700000e+00  -5.0984562e-04   8.2903194e-04
   3.6800000e+00  -5.4283882e-04   8.0155149e-04
   3.6900000e+00  -5.6989880e-04   7.7096242e-04
   3.7000000e+00  -6.0088016e-04   7.3864971e-04
   3.7100000e+00  -6.2024711e-04   7.0602272e-04
   3.7200000e+00  -6.4159254e-04   6.7207428e-04
   3.7300000e+00  -6.6148311e-04   6.3851336e-04
   3.7400000e+00  -6.6982364e-04   6.0341710e-04
   3.7500000e+00  -6.8277131e-04   5.6559086e-04
   3.7600000e+00  -6.9386982e-04   5.2949792e-04
   3.7700000e+00  -6.9334493e-04   4.9015639e-04
   3.7800000e+00  -6.9465446e-04   4.5169462e-04
   3.7900000e+00  -6.9449820e-04   4.1592748e-04
   3.8000000e+00  -6.9097211e-04   3.7417868e-04
   3.8100000e+00  -6.8014348e-04   3.3745757e-04
   3.8200000e+00  -6.7614685e-04   2.9750496e-04
   3.8300000e+00  -6.5887820e-04   2.5935250e-04
   3.8400000e+00  -6.4626799e-04   2.1954398e-04
   3.8500000e+00  -6.3272220e-04   1.8113417e-04
   3.8600000e+00  -6.1045687e-04   1.4500262e-04
   3.8700000e+00  -5.9432953e-04   1.0839681e-04
   3.8800000e+00  -5.7419194e-04   7.3177447e-05
   3.8900000e+00  -5.5251535e-04   3.8827987e-05
   3.9000000e+00  -5.2927271e-04   6.2080124e-06
   3.9100000e+00  -5.0451469e-04  -2.4795308e-05
   3.9200000e+00  -4.8296530e-04  -5.4136442e-05
   3.9300000e+00  -4.5880818e-04  -8.1755771e-05
   3.9400000e+00  -4.3374866e-04  -1.0630976e-04
   3.9500000e+00  -4.1364302e-04  -1.2944309e-04
   3.9600000e+00  -3.9412399e-04  -1.5006210e-04
   3.9700000e+00  -3.7419055e-04  -1.6620060e-04
   3.9800000e+00  -3.5449574e-04  -1.8050137e-04
   3.9900000e+00  -3.4088839e-04  -1.9373323e-04
   4.0000000e+00  -3.2273404e-04  -2.0248743e-04
   4.0100000e+00  -3.0355789e-04  -2.1160997e-04
   4.0200000e+00  -2.8121491e-04  -2.2085111e-04
   4.0300000e+00  -2.6012063e-04  -2.2794736e-04
   4.0400000e+00  -2.3847525e-04  -2.3385323e-04
   4.0500000e+00  -2.1493366e-04  -2.3814257e-04
   4.0600000e+00  -1.9079271e-04  -2.4414029e-04
   4.0700000e+00  -1.6643333e-04  -2.4534997e-04
   4.0800000e+00  -1.4082474e-04  -2.4861403e-04
   4.0900000e+00  -1.1627393e-04  -2.5099789e-04
   4.1000000e+00  -9.1369011e-05  -2.5151731e-04
   4.1100000e+00  -6.6092158e-05  -2.5123379e-04
   4.1200000e+00  -4.1846063e-05  -2.5132865e-04
   4.1300000e+00  -1.7544045e-05  -2.5140195e-04
   4.1400000e+00   6.0884031e-06  -2.5027290e-04
   4.1500000e+00   2.9160858e-05  -2.4718230e-04
   4.1600000e+00   5.1661842e-05  -2.4470875e-04
   4.1700000e+00   7.2913965e-05  -2.4224633e-04
   4.1800000e+00   9.3750497e-05  -2.3868169e-04
   4.1900000e+00   1.1330017e-04  -2.3511763e-04
   4.2000000e+00   1.3153684e-04  -2.3274292e-04
   4.2100000e+00   1.4926687e-04  -2.2802196e-04
   4.2200000e+00   1.6670779e-04  -2.2303643e-04
   4.2300000e+00   1.8142398e-04  -2.1887471e-04
   4.2400000e+00   1.9480379e-04  -2.1351411e-04
   4.2500000e+00   2.0667941e-04  -2.0872541e-04
   4.2600000e+00   2.1801750e-04  -2.0178374e-04
   4.2700000e+00   2.2922592e-04  -1.9647641e-04
   4.2800000e+00   2.3764052e-04  -1.9037681e-04
   4.2900000e+00   2.4350855e-04  -1.8364290e-04
   4.3000000e+00   2.5015196e-04  -1.7815629e-04
   4.3100000e+00   2.5385185e-04  -1.7213410e-04
   4.3200000e+00   2.5570550e-04  -1.6519521e-04
   4.3300000e+00   2.5902743e-04  -1.5927062e-04
   4.3400000e+00   2.5748599e-04  -1.5176747e-04
   4.3500000e+00   2.5621196e-04  -1.4491007e-04
   4.3600000e+00   2.5458227e-04  -1.3907025e-04
   4.3700000e+00   2.5160952e-04  -1.3206093e-04
   4.3800000e+00   2.4516292e-04  -1.2529349e-04
   4.3900000e+00   2.3916587e-04  -1.1775265e-04
   4.4000000e+00   2.3198890e-04  -1.1079301e-04
   4.4100000e+00   2.2403465e-04  -1.0383211e-04
   4.4200000e+00   2.1531560e-04  -9.6878850e-05
   4.4300000e+00   2.0521376e-04  -8.9691445e-05
   4.4400000e+00   1.9589521e-04  -8.2888620e-05
   4.4500000e+00   1.8391026e-04  -7.5230383e-05
   4.4600000e+00   1.7144260e-04  -6.7865827e-05
   4.4700000e+00   1.6029049e-04  -6.0895329e-05
   4.4800000e+00   1.4708796e-04  -5.3208361e-05
   4.4900000e+00   1.3373445e-04  -4.5814704e-05
   4.5000000e+00   1.2189208e-04  -3.7985687e-05
   4.5100000e+00   1.0823297e-04  -3.0322129e-05
   4.5200000e+00   9.5506370e-05  -2.2512872e-05
   4.5300000e+00   8.3629004e-05  -1.4520204e-05
   4.5400000e+00   7.1972239e-05  -6.2814476e-06
   4.5500000e+00   6.0866432e-05   2.0734241e-06
   4.5600000e+00   5.0815856e-05   1.0645350e-05
   4.5700000e+00   4.2112033e-05   1.9343822e-05
   4.5800000e+00   3.4231166e-05   2.8303655e-05
   4.5900000e+00   2.7880196e-05   3.9209607e-05
   4.6000000e+00   2.3482445e-05   6.0070929e-05
   4.6100000e+00   2.0772331e-05   9.1895624e-05
   4.6200000e+00   1.9733549e-05   1.3291799e-04
   4.6300000e+00   2.0095610e-05   1.8287249e-04
   4.6400000e+00   2.1629845e-05   2.3855462e-04
   4.6500000e+00   2.4178333e-05   2.9940811e-04
   4.6600000e+00   2.7735283e-05   3.6700551e-04
   4.6700000e+00   3.2115108e-05   4.4018400e-04
   4.6800000e+00   3.7100624e-05   5.1113076e-04
   4.6900000e+00   4.2165698e-05   5.8775342e-04
   4.7000000e+00   4.8064353e-05   6.6343829e-04
   4.7100000e+00   5.3938298e-05   7.3448616e-04
   4.7200000e+00   5.9865675e-05   8.1172193e-04
   4.7300000e+00   6.5488010e-05   8.8139726e-04
   4.7400000e+00   7.1691716e-05   9.5234246e-04
   4.7500000e+00   7.6748781e-05   1.0245217e-03
   4.7600000e+00   8.2550508e-05   1.0866162e-03
   4.7700000e+00   8.7205708e-05   1.1417188e-03
   4.7800000e+00   9.1751690e-05   1.2005167e-03
   4.7900000e+00   9.5248848e-05   1.2431578e-03
   4.8000000e+00   9.8488002e-05   1.2951984e-03
   4.8100000e+00   1.0021524e-04   1.3290652e-03
   4.8200000e+00   1.0208572e-04   1.3594461e-03
   4.8300000e+00   1.0303346e-04   1.3807364e-03
   4.8400000e+00   1.0285017e-04   1.3943192e-03
   4.8500000e+00   1.0186573e-04   1.4120247e-03
   4.8600000e+00   1.0079704e-04   1.4127953e-03
   4.8700000e+00   9.7687867e-05   1.4054159e-03
   4.8800000e+00   9.4748079e-05   1.3854807e-03
   4.8900000e+00   8.9938381e-05   1.3580185e-03
   4.9000000e+00   8.4799259e-05   1.3266339e-03
   4.9100000e+00   7.7917324e-05   1.2946756e-03
   4.9200000e+00   7.1144586e-05   1.2470225e-03
   4.9300000e+00   6.2989953e-05   1.1887723e-03
   4.9400000e+00   5.3859592e-05   1.1311367e-03
   4.9500000e+00   4.4030128e-05   1.0614035e-03
   4.9600000e+00   3.3614657e-05   9.8496957e-04
   4.9700000e+00   2.2188398e-05   8.9941239e-04
   4.9800000e+00   1.0218695e-05   8.0802539e-04
   4.9900000e+00  -2.4536509e-06   7.1538286e-04
   5.0000000e+00  -1.5677973e-05   6.1062741e-04
   5.0100000e+00  -2.9477704e-05   5.0381389e-04
   5.0200000e+00  -4.3473400e-05   3.9480413e-04
   5.0300000e+00  -5.7730747e-05   2.7864678e-04
   5.0400000e+00  -7.2060066e-05   1.6148347e-04
   5.0500000e+00  -8.6855112e-05   4.1050567e-05
   5.0600000e+00  -1.0173580e-04  -8.1866700e-05
   5.0700000e+00  -1.1677513e-04  -2.0540413e-04
   5.0800000e+00  -1.3048967e-04  -3.3074378e-04
   5.0900000e+00  -1.4463150e-04  -4.5458772e-04
   5.1000000e+00  -1.5810714e-04  -5.7390866e-04
   5.1100000e+00  -1.7078457e-04  -6.9516601e-04
   5.1200000e+00  -1.8307822e-04  -8.0665479e-04
   5.1300000e+00  -1.9534436e-04  -9.2062812e-04
   5.1400000e+00  -2.0539413e-04  -1.0269887e-03
   5.1500000e+00  -2.1423585e-04  -1.1222547e-03
   5.1600000e+00  -2.2234008e-04  -1.2229151e-03
   5.1700000e+00  -2.2784533e-04  -1.3058357e-03
   5.1800000e+00  -2.3107256e-04  -1.3755138e-03
   5.1900000e+00  -2.3358078e-04  -1.4347902e-03
   5.2000000e+00  -2.3274700e-04  -1.4780399e-03
   5.2100000e+00  -2.3062466e-04  -1.5105841e-03
   5.2200000e+00  -2.2627064e-04  -1.5391809e-03
   5.2300000e+00  -2.1657078e-04  -1.5318897e-03
   5.2400000e+00  -2.0568460e-04  -1.5165561e-03
   5.2500000e+00  -1.9312136e-04  -1.4657048e-03
   5.2600000e+00  -1.7504985e-04  -1.4031892e-03
   5.2700000e+00  -1.5292573e-04  -1.3280791e-03
   5.2800000e+00  -1.2918842e-04  -1.2315952e-03
   5.2900000e+00  -1.0555623e-04  -1.1270219e-03
   5.3000000e+00  -8.0685838e-05  -1.0192197e-03
   5.3100000e+00  -5.6821821e-05  -9.1362572e-04
   5.3200000e+00  -3.3383180e-05  -8.1509051e-04
   5.3300000e+00  -1.0843486e-05  -7.1125206e-04
   5.3400000e+00   1.0887893e-05  -6.1638417e-04
   5.3500000e+00   3.1474824e-05  -5.1946798e-04
   5.3600000e+00   5.0556697e-05  -4.2977876e-04
   5.3700000e+00   6.7534183e-05  -3.4504457e-04
   5.3800000e+00   8.2967977e-05  -2.6627323e-04
   5.3900000e+00   9.6963740e-05  -1.9630056e-04
   5.4000000e+00   1.0826964e-04  -1.3340666e-04
   5.4100000e+00   1.1812455e-04  -7.8353291e-05
   5.4200000e+00   1.2519139e-04  -3.1617314e-05
   5.4300000e+00   1.3024317e-04   6.6086481e-06
   5.4400000e+00   1.3342113e-04   3.6495506e-05
   5.4500000e+00   1.3365603e-04   5.7744433e-05
   5.4600000e+00   1.3223642e-04   7.0516345e-05
   5.4700000e+00   1.2890895e-04   7.4804037e-05
   5.4800000e+00   1.2318147e-04   7.1423287e-05
   5.4900000e+00   1.1602777e-04   6.1303700e-05
   5.5000000e+00   1.0757709e-04   4.3933434e-05
   5.5100000e+00   9.6299169e-05   2.0475542e-05
   5.5200000e+00   8.5305756e-05  -8.4151844e-06
   5.5300000e+00   7.1687196e-05  -4.1617211e-05
   5.5400000e+00   5.8348969e-05  -7.8617178e-05
   5.5500000e+00   4.3739288e-05  -1.1733794e-04
   5.5600000e+00   2.9255941e-05  -1.5795253e-04
   5.5700000e+00   1.4606914e-05  -1.9774650e-04
   5.5800000e+00   3.5795089e-07  -2.3782341e-04
   5.5900000e+00  -1.3145147e-05  -2.7397509e-04
   5.6000000e+00  -2.5320358e-05  -3.0292313e-04
   5.6100000e+00  -3.6001533e-05  -3.2857472e-04
   5.6200000e+00  -4.4702569e-05  -3.4647778e-04
   5.6300000e+00  -5.0822018e-05  -3.4985275e-04
   5.6400000e+00  -5.4237264e-05  -3.4653027e-04
   5.6500000e+00  -5.3752852e-05  -3.2431263e-04
   5.6600000e+00  -5.1115590e-05  -2.9496288e-04
   5.6700000e+00  -4.8206202e-05  -2.6618557e-04
   5.6800000e+00  -4.5032064e-05  -2.3280759e-04
   5.6900000e+00  -4.1570455e-05  -2.0128224e-04
   5.7000000e+00  -3.8219325e-05  -1.7075890e-04
   5.7100000e+00  -3.5041210e-05  -1.4065604e-04
   5.7200000e+00  -3.1635387e-05  -1.1101686e-04
   5.7300000e+00  -2.8501785e-05  -8.2202726e-05
   5.7400000e+00  -2.5937353e-05  -5.5887860e-05
   5.7500000e+00  -2.3409622e-05  -3.0968419e-05
   5.7600000e+00  -2.1218307e-05  -8.3886703e-06
   5.7700000e+00  -1.9469802e-05   1.1914816e-05
   5.7800000e+00  -1.8294193e-05   2.9724361e-05
   5.7900000e+00  -1.7432533e-05   4.4847058e-05
   5.8000000e+00  -1.7167420e-05   5.7021949e-05
   5.8100000e+00  -1.7266811e-05   6.7050909e-05
   5.8200000e+00  -1.7905929e-05   7.3409629e-05
   5.8300000e+00  -1.9046994e-05   7.7434577e-05
   5.8400000e+00  -2.0681074e-05   7.8732391e-05
   5.8500000e+00  -2.2688568e-05   7.7536181e-05
   5.8600000e+00  -2.5303891e-05   7.3284547e-05
   5.8700000e+00  -2.8173361e-05   6.7183923e-05
   5.8800000e+00  -3.1473017e-05   5.8131352e-05
   5.8900000e+00  -3.4843534e-05   4.7847277e-05
   5.9000000e+00  -3.8626831e-05   3.5272605e-05
   5.9100000e+00  -4.2811994e-05   2.1510678e-05
   5.9200000e+00  -4.6896960e-05   6.4460839e-06
   5.9300000e+00  -5.0801164e-05  -9.4096259e-06
   5.9400000e+00  -5.5142736e-05  -2.5641441e-05
   5.9500000e+00  -5.9302094e-05  -4.2145087e-05
   5.9600000e+00  -6.2810685e-05  -5.7964295e-05
   5.9700000e+00  -6.6142271e-05  -7.2968545e-05
   5.9800000e+00  -6.9113329e-05  -8.6226266e-05
   5.9900000e+00  -7.1674251e-05  -9.7851224e-05
   6.0000000e+00  -7.3475297e-05  -1.0632488e-04
   6.0100000e+00  -7.4614421e-05  -1.1171078e-04
   6.0200000e+00  -7.4173804e-05  -1.1403413e-04
   6.0300000e+00  -7.2618903e-05  -1.1106184e-04
   6.0400000e+00  -7.0308585e-05  -1.0307923e-04
   6.0500000e+00  -6.7300194e-05  -9.2339419e-05
   6.0600000e+00  -6.3143163e-05  -7.8990799e-05
   6.0700000e+00  -5.8794454e-05  -6.3209854e-05
   6.0800000e+00  -5.3274424e-05  -4.6688506e-05
   6.0900000e+00  -4.8064841e-05  -2.8087970e-05
   6.1000000e+00  -4.2157596e-05  -8.9560440e-06
   6.1100000e+00  -3.6126732e-05   1.0661967e-05
   6.1200000e+00  -3.0067931e-05   3.0420866e-05
   6.1300000e+00  -2.3970075e-05   5.0016909e-05
   6.1400000e+00  -1.8021889e-05   6.9147270e-05
   6.1500000e+00  -1.2082439e-05   8.7828413e-05
   6.1600000e+00  -6.2788019e-06   1.0525153e-04
   6.1700000e+00  -8.4675035e-07   1.2205747e-04
   6.1800000e+00   4.3026591e-06   1.3680558e-04
   6.1900000e+00   9.1140451e-06   1.4912102e-04
   6.2000000e+00   1.3416350e-05   1.6051203e-04
   6.2100000e+00   1.7301483e-05   1.7115227e-04
   6.2200000e+00   2.0825006e-05   1.7893848e-04
   6.2300000e+00   2.3707462e-05   1.8282343e-04
   6.2400000e+00   2.6168468e-05   1.8730136e-04
   6.2500000e+00   2.7812885e-05   1.8767936e-04
   6.2600000e+00   2.9259866e-05   1.8655265e-04
   6.2700000e+00   2.9891365e-05   1.8227053e-04
   6.2800000e+00   2.9877957e-05   1.7644068e-04
   6.2900000e+00   2.9344547e-05   1.6842872e-04
   6.3000000e+00   2.8378918e-05   1.5771093e-04
   6.3100000e+00   2.6747072e-05   1.4429812e-04
   6.3200000e+00   2.4690116e-05   1.2995787e-04
   6.3300000e+00   2.2161047e-05   1.1386859e-04
   6.3400000e+00   1.9066817e-05   9.4858958e-05
   6.3500000e+00   1.5471848e-05   7.5323066e-05
   6.3600000e+00   1.1652136e-05   5.4188437e-05
   6.3700000e+00   7.5072602e-06   3.1373769e-05
   6.3800000e+00   2.9976847e-06   8.0132619e-06
   6.3900000e+00  -1.7139889e-06  -1.6230940e-05
   6.4000000e+00  -6.5950955e-06  -4.0750971e-05
   6.4100000e+00  -1.1527199e-05  -6.5452916e-05
   6.4200000e+00  -1.6362435e-05  -8.9811887e-05
   6.4300000e+00  -2.1333091e-05  -1.1378025e-04
   6.4400000e+00  -2.5964407e-05  -1.3732021e-04
   6.4500000e+00  -3.0534210e-05  -1.5892101e-04
   6.4600000e+00  -3.4467842e-05  -1.7844582e-04
   6.4700000e+00  -3.8268784e-05  -1.9687131e-04
   6.4800000e+00  -4.1237858e-05  -2.1051684e-04
   6.4900000e+00  -4.3588379e-05  -2.2218782e-04
   6.5000000e+00  -4.5022216e-05  -2.3192623e-04
   6.5100000e+00  -4.5868275e-05  -2.3653551e-04
   6.5200000e+00  -4.5199919e-05  -2.3598806e-04
   6.5300000e+00  -4.3500378e-05  -2.3079887e-04
   6.5400000e+00  -4.0713218e-05  -2.1900002e-04
   6.5500000e+00  -3.5346896e-05  -1.9773755e-04
   6.5600000e+00  -2.7489418e-05  -1.6673962e-04
   6.5700000e+00  -1.7448541e-05  -1.2546977e-04
   6.5800000e+00  -5.1938239e-06  -7.5342334e-05
   6.5900000e+00   8.6612722e-06  -1.8612413e-05
   6.6000000e+00   2.3945022e-05   4.3836570e-05
   6.6100000e+00   4.0470486e-05   1.1132286e-04
   6.6200000e+00   5.7687596e-05   1.8111016e-04
   6.6300000e+00   7.5294568e-05   2.5469045e-04
   6.6400000e+00   9.2793748e-05   3.2799950e-04
   6.6500000e+00   1.1091979e-04   4.0347813e-04
   6.6600000e+00   1.2873186e-04   4.7813433e-04
   6.6700000e+00   1.4693561e-04   5.4775072e-04
   6.6800000e+00   1.6330496e-04   6.1931032e-04
   6.6900000e+00   1.7997882e-04   6.8549330e-04
   6.7000000e+00   1.9464284e-04   7.4625664e-04
   6.7100000e+00   2.0841476e-04   8.0762297e-04
   6.7200000e+00   2.2210963e-04   8.6107548e-04
   6.7300000e+00   2.3150741e-04   9.0843866e-04
   6.7400000e+00   2.4234399e-04   9.4785637e-04
   6.7500000e+00   2.4979312e-04   9.8662514e-04
   6.7600000e+00   2.5686796e-04   1.0091693e-03
   6.7700000e+00   2.6170067e-04   1.0314691e-03
   6.7800000e+00   2.6519760e-04   1.0469694e-03
   6.7900000e+00   2.6587671e-04   1.0511695e-03
   6.8000000e+00   2.6535836e-04   1.0520220e-03
   6.8100000e+00   2.6372786e-04   1.0429237e-03
   6.8200000e+00   2.5756832e-04   1.0263306e-03
   6.8300000e+00   2.5025137e-04   9.9298344e-04
   6.8400000e+00   2.4158711e-04   9.6074259e-04
   6.8500000e+00   2.3172943e-04   9.2108616e-04
   6.8600000e+00   2.1876913e-04   8.7470676e-04
   6.8700000e+00   2.0493987e-04   8.1566058e-04
   6.8800000e+00   1.9025107e-04   7.5852252e-04
   6.8900000e+00   1.7343816e-04   6.8696041e-04
   6.9000000e+00   1.5449164e-04   6.1129750e-04
   6.9100000e+00   1.3346343e-04   5.2886890e-04
   6.9200000e+00   1.1181590e-04   4.4335088e-04
   6.9300000e+00   8.8842861e-05   3.5378360e-04
   6.9400000e+00   6.5308555e-05   2.5733047e-04
   6.9500000e+00   4.1305177e-05   1.5914763e-04
   6.9600000e+00   1.6158246e-05   5.8818420e-05
   6.9700000e+00  -9.3357823e-06  -4.3937597e-05
   6.9800000e+00  -3.4828627e-05  -1.4660642e-04
   6.9900000e+00  -6.0785602e-05  -2.5031707e-04
   7.0000000e+00  -8.5887898e-05  -3.5253531e-04
   7.0100000e+00  -1.1105677e-04  -4.5223408e-04
   7.0200000e+00  -1.3433214e-04  -5.4859474e-04
   7.0300000e+00  -1.5758150e-04  -6.4425235e-04
   7.0400000e+00  -1.7950906e-04  -7.2955576e-04
   7.0500000e+00  -1.9966006e-04  -8.0695722e-04
   7.0600000e+00  -2.1719330e-04  -8.8062962e-04
   7.0700000e+00  -2.3196373e-04  -9.4315188e-04
   7.0800000e+00  -2.4617161e-04  -9.9334200e-04
   7.0900000e+00  -2.5644216e-04  -1.0355529e-03
   7.1000000e+00  -2.6168914e-04  -1.0578073e-03
   7.1100000e+00  -2.6442168e-04  -1.0708059e-03
   7.1200000e+00  -2.6379481e-04  -1.0594834e-03
   7.1300000e+00  -2.5750375e-04  -1.0382624e-03
   7.1400000e+00  -2.4647225e-04  -9.8844031e-04
   7.1500000e+00  -2.2884920e-04  -9.1855209e-04
   7.1600000e+00  -2.1211268e-04  -8.4503733e-04
   7.1700000e+00  -1.9214080e-04  -7.6473090e-04
   7.1800000e+00  -1.7394815e-04  -6.8201574e-04
   7.1900000e+00  -1.5389119e-04  -5.9979399e-04
   7.2000000e+00  -1.3343838e-04  -5.1910045e-04
   7.2100000e+00  -1.1297577e-04  -4.3713120e-04
   7.2200000e+00  -9.3489700e-05  -3.5719846e-04
   7.2300000e+00  -7.5176585e-05  -2.7816777e-04
   7.2400000e+00  -5.7032488e-05  -2.0546697e-04
   7.2500000e+00  -4.0399655e-05  -1.3763253e-04
   7.2600000e+00  -2.5282541e-05  -7.4824221e-05
   7.2700000e+00  -1.1251476e-05  -1.7910009e-05
   7.2800000e+00   1.1224504e-06   3.2562579e-05
   7.2900000e+00   1.1779107e-05   7.5675476e-05
   7.3000000e+00   2.0690706e-05   1.1158664e-04
   7.3100000e+00   2.7748338e-05   1.4014003e-04
   7.3200000e+00   3.3270510e-05   1.6093000e-04
   7.3300000e+00   3.6735290e-05   1.7296735e-04
   7.3400000e+00   3.8016661e-05   1.7719549e-04
   7.3500000e+00   3.7830373e-05   1.7539814e-04
   7.3600000e+00   3.5878204e-05   1.6453575e-04
   7.3700000e+00   3.2104557e-05   1.4819550e-04
   7.3800000e+00   2.6647052e-05   1.2506048e-04
   7.3900000e+00   1.9973495e-05   9.4725648e-05
   7.4000000e+00   1.1913992e-05   5.9685962e-05
   7.4100000e+00   2.6225163e-06   1.9730125e-05
   7.4200000e+00  -7.5671493e-06  -2.4209370e-05
   7.4300000e+00  -1.8520935e-05  -7.0985171e-05
   7.4400000e+00  -2.9828099e-05  -1.2007922e-04
   7.4500000e+00  -4.1710480e-05  -1.6965547e-04
   7.4600000e+00  -5.2952716e-05  -2.1925111e-04
   7.4700000e+00  -6.4271574e-05  -2.6711376e-04
   7.4800000e+00  -7.5202100e-05  -3.1213779e-04
   7.4900000e+00  -8.4368329e-05  -3.5258603e-04
   7.5000000e+00  -9.2217477e-05  -3.8679146e-04
   7.5100000e+00  -9.8412651e-05  -4.1440327e-04
   7.5200000e+00  -1.0260091e-04  -4.3136096e-04
   7.5300000e+00  -1.0411582e-04  -4.3680987e-04
   7.5400000e+00  -1.0237866e-04  -4.3236055e-04
   7.5500000e+00  -9.6697189e-05  -4.1039475e-04
   7.5600000e+00  -8.9138798e-05  -3.7824721e-04
   7.5700000e+00  -8.1153549e-05  -3.4486081e-04
   7.5800000e+00  -7.2854281e-05  -3.1045105e-04
   7.5900000e+00  -6.4419757e-05  -2.7540187e-04
   7.6000000e+00  -5.5809331e-05  -2.3940305e-04
   7.6100000e+00  -4.7416180e-05  -2.0546144e-04
   7.6200000e+00  -3.9074381e-05  -1.6917040e-04
   7.6300000e+00  -3.0697116e-05  -1.3556288e-04
   7.6400000e+00  -2.2870614e-05  -1.0307188e-04
   7.6500000e+00  -1.5413838e-05  -7.2717635e-05
   7.6600000e+00  -8.5998540e-06  -4.4196788e-05
   7.6700000e+00  -2.3872202e-06  -1.8519247e-05
   7.6800000e+00   3.2295610e-06   4.6270500e-06
   7.6900000e+00   8.0560609e-06   2.4873202e-05
   7.7000000e+00   1.2252839e-05   4.2005063e-05
   7.7100000e+00   1.5588286e-05   5.5681236e-05
   7.7200000e+00   1.8182936e-05   6.6248831e-05
   7.7300000e+00   1.9852258e-05   7.3963439e-05
   7.7400000e+00   2.0887371e-05   7.7500370e-05
   7.7500000e+00   2.0911032e-05   7.8256989e-05
   7.7600000e+00   2.0388767e-05   7.5854156e-05
   7.7700000e+00   1.8929034e-05   6.9700931e-05
   7.7800000e+00   1.6866641e-05   6.1118680e-05
   7.7900000e+00   1.4098331e-05   4.9525745e-05
   7.8000000e+00   1.0677123e-05   3.5953563e-05
   7.8100000e+00   6.7509759e-06   1.9761891e-05
   7.8200000e+00   2.4100545e-06   1.8375985e-06
   7.8300000e+00  -2.3005708e-06  -1.7623939e-05
   7.8400000e+00  -7.2568690e-06  -3.8184754e-05
   7.8500000e+00  -1.2406749e-05  -5.9202445e-05
   7.8600000e+00  -1.7574022e-05  -8.0417986e-05
   7.8700000e+00  -2.2818679e-05  -1.0209792e-04
   7.8800000e+00  -2.7671620e-05  -1.2193325e-04
   7.8900000e+00  -3.1973295e-05  -1.3988766e-04
   7.9000000e+00  -3.5925609e-05  -1.5550217e-04
   7.9100000e+00  -3.9225134e-05  -1.6989185e-04
   7.9200000e+00  -4.1730296e-05  -1.7923687e-04
   7.9300000e+00  -4.2966385e-05  -1.8392925e-04
   7.9400000e+00  -4.3044002e-05  -1.8469861e-04
   7.9500000e+00  -4.1732022e-05  -1.7812068e-04
   7.9600000e+00  -3.8769020e-05  -1.6562970e-04
   7.9700000e+00  -3.4619380e-05  -1.4875476e-04
   7.9800000e+00  -3.0009346e-05  -1.2837572e-04
   7.9900000e+00  -2.4643419e-05  -1.0612053e-04
   8.0000000e+00  -1.8944015e-05  -8.1876728e-05
   8.0100000e+00  -1.2751040e-05  -5.5772568e-05
   8.0200000e+00  -6.2654001e-06  -2.8882651e-05
   8.0300000e+00   2.6400028e-07  -1.3078371e-06
   8.0400000e+00   6.8771086e-06   2.6331815e-05
   8.0500000e+00   1.3294432e-05   5.3789438e-05
   8.0600000e+00   1.9764094e-05   8.0702417e-05
   8.0700000e+00   2.5668665e-05   1.0582989e-04
   8.0800000e+00   3.1560960e-05   1.3028949e-04
   8.0900000e+00   3.6963251e-05   1.5274795e-04
   8.1000000e+00   4.1855334e-05   1.7281330e-04
   8.1100000e+00   4.6150002e-05   1.9061127e-04
   8.1200000e+00   4.9666833e-05   2.0824727e-04
   8.1300000e+00   5.2928668e-05   2.2078313e-04
   8.1400000e+00   5.5798911e-05   2.3043170e-04
   8.1500000e+00   5.7180723e-05   2.3850754e-04
   8.1600000e+00   5.8717737e-05   2.4339974e-04
   8.1700000e+00   5.8717556e-05   2.4458337e-04
   8.1800000e+00   5.8448030e-05   2.4386251e-04
   8.1900000e+00   5.7223815e-05   2.3970027e-04
   8.2000000e+00   5.5412614e-05   2.3279430e-04
   8.2100000e+00   5.2874615e-05   2.2240285e-04
   8.2200000e+00   5.0084745e-05   2.0852568e-04
   8.2300000e+00   4.6060524e-05   1.9329411e-04
   8.2400000e+00   4.1420138e-05   1.7462212e-04
   8.2500000e+00   3.6588404e-05   1.5323063e-04
   8.2600000e+00   3.1039212e-05   1.3106976e-04
   8.2700000e+00   2.4940462e-05   1.0525740e-04
   8.2800000e+00   1.8317350e-05   7.8502790e-05
   8.2900000e+00   1.1485705e-05   5.0151970e-05
   8.3000000e+00   4.4112741e-06   2.0435735e-05
   8.3100000e+00  -2.8781468e-06  -9.8232727e-06
   8.3200000e+00  -1.0247965e-05  -4.0677160e-05
   8.3300000e+00  -1.7724389e-05  -7.1320324e-05
   8.3400000e+00  -2.4974069e-05  -1.0108857e-04
   8.3500000e+00  -3.1982900e-05  -1.3101986e-04
   8.3600000e+00  -3.8616577e-05  -1.5920769e-04
   8.3700000e+00  -4.4692329e-05  -1.8396220e-04
   8.3800000e+00  -5.0497907e-05  -2.0671803e-04
   8.3900000e+00  -5.5484885e-05  -2.2798874e-04
   8.4000000e+00  -5.9348770e-05  -2.4516914e-04
   8.4100000e+00  -6.2474237e-05  -2.5723291e-04
   8.4200000e+00  -6.3839552e-05  -2.6344324e-04
   8.4300000e+00  -6.4439289e-05  -2.6385574e-04
   8.4400000e+00  -6.2791476e-05  -2.5911790e-04
   8.4500000e+00  -6.0067983e-05  -2.4845180e-04
   8.4600000e+00  -5.4990672e-05  -2.2534206e-04
   8.4700000e+00  -4.7129521e-05  -1.9476281e-04
   8.4800000e+00  -3.7598660e-05  -1.5382121e-04
   8.4900000e+00  -2.5786358e-05  -1.0524768e-04
   8.5000000e+00  -1.2797217e-05  -5.1636144e-05
   8.5100000e+00   1.5521224e-06   7.4037886e-06
   8.5200000e+00   1.6779593e-05   7.0085249e-05
   8.5300000e+00   3.2744686e-05   1.3527763e-04
   8.5400000e+00   4.8879243e-05   2.0255095e-04
   8.5500000e+00   6.5546856e-05   2.7093145e-04
   8.5600000e+00   8.1450509e-05   3.3720525e-04
   8.5700000e+00   9.7404199e-05   4.0468254e-04
   8.5800000e+00   1.1343368e-04   4.6659854e-04
   8.5900000e+00   1.2782568e-04   5.2939615e-04
   8.6000000e+00   1.4294580e-04   5.8772847e-04
   8.6100000e+00   1.5473181e-04   6.3833662e-04
   8.6200000e+00   1.6792494e-04   6.8992612e-04
   8.6300000e+00   1.7789605e-04   7.3621292e-04
   8.6400000e+00   1.8716136e-04   7.7245082e-04
   8.6500000e+00   1.9565873e-04   8.0717900e-04
   8.6600000e+00   2.0116247e-04   8.3094868e-04
   8.6700000e+00   2.0710841e-04   8.4484037e-04
   8.6800000e+00   2.0923459e-04   8.5941571e-04
   8.6900000e+00   2.0983091e-04   8.6263416e-04
   8.7000000e+00   2.1017991e-04   8.6614115e-04
   8.7100000e+00   2.0660230e-04   8.5407451e-04
   8.7200000e+00   2.0245510e-04   8.3819498e-04
   8.7300000e+00   1.9770754e-04   8.0853321e-04
   8.7400000e+00   1.8982742e-04   7.7694773e-04
   8.7500000e+00   1.8051496e-04   7.3663638e-04
   8.7600000e+00   1.6813935e-04   6.9220049e-04
   8.7700000e+00   1.5680518e-04   6.3691258e-04
   8.7800000e+00   1.4185825e-04   5.8137054e-04
   8.7900000e+00   1.2574223e-04   5.1743532e-04
   8.8000000e+00   1.0967276e-04   4.4521540e-04
   8.8100000e+00   9.0969189e-05   3.6988161e-04
   8.8200000e+00   7.2094781e-05   2.9194748e-04
   8.8300000e+00   5.2193016e-05   2.0840728e-04
   8.8400000e+00   3.1258672e-05   1.2126630e-04
   8.8500000e+00   9.8873698e-06   3.3054279e-05
   8.8600000e+00  -1.1841044e-05  -5.6658838e-05
   8.8700000e+00  -3.3811141e-05  -1.4717923e-04
   8.8800000e+00  -5.5683619e-05  -2.3832234e-04
   8.8900000e+00  -7.7390993e-05  -3.2601841e-04
   8.9000000e+00  -9.8427885e-05  -4.1074410e-04
   8.9100000e+00  -1.1756377e-04  -4.9435991e-04
   8.9200000e+00  -1.3722735e-04  -5.7393072e-04
   8.9300000e+00  -1.5537443e-04  -6.4665373e-04
   8.9400000e+00  -1.7058024e-04  -7.1228074e-04
   8.9500000e+00  -1.8501837e-04  -7.6546551e-04
   8.9600000e+00  -1.9679991e-04  -8.1370687e-04
   8.9700000e+00  -2.0505440e-04  -8.5079031e-04
   8.9800000e+00  -2.1065566e-04  -8.7781487e-04
   8.9900000e+00  -2.1262870e-04  -8.8370853e-04
   9.0000000e+00  -2.1127464e-04  -8.7638060e-04
   9.0100000e+00  -2.0591277e-04  -8.5815671e-04
   9.0200000e+00  -1.9592663e-04  -8.1069187e-04
   9.0300000e+00  -1.7998066e-04  -7.5034919e-04
   9.0400000e+00  -1.6001084e-04  -6.6419362e-04
   9.0500000e+00  -1.3570405e-04  -5.5914264e-04
   9.0600000e+00  -1.0786928e-04  -4.4491118e-04
   9.0700000e+00  -7.6583791e-05  -3.1724287e-04
   9.0800000e+00  -4.3829468e-05  -1.8026133e-04
   9.0900000e+00  -9.2158527e-06  -3.8703621e-05
   9.1000000e+00   2.6169924e-05   1.0667831e-04
   9.1100000e+00   6.1595604e-05   2.5328461e-04
   9.1200000e+00   9.7500728e-05   3.9802531e-04
   9.1300000e+00   1.3179258e-04   5.3892007e-04
   9.1400000e+00   1.6454532e-04   6.7492345e-04
   9.1500000e+00   1.9637839e-04   8.0724720e-04
   9.1600000e+00   2.2602024e-04   9.3361752e-04
   9.1700000e+00   2.5512781e-04   1.0370986e-03
   9.1800000e+00   2.7843963e-04   1.1405308e-03
   9.1900000e+00   3.0168584e-04   1.2287311e-03
   9.2000000e+00   3.1914788e-04   1.3126613e-03
   9.2100000e+00   3.3575857e-04   1.3759393e-03
   9.2200000e+00   3.4800210e-04   1.4189328e-03
   9.2300000e+00   3.5489746e-04   1.4458106e-03
   9.2400000e+00   3.5951388e-04   1.4706085e-03
   9.2500000e+00   3.6067313e-04   1.4752042e-03
   9.2600000e+00   3.5960845e-04   1.4618433e-03
   9.2700000e+00   3.5110900e-04   1.4199935e-03
   9.2800000e+00   3.3917278e-04   1.3774871e-03
   9.2900000e+00   3.2612016e-04   1.3124087e-03
   9.3000000e+00   3.0662636e-04   1.2384409e-03
   9.3100000e+00   2.8586662e-04   1.1406147e-03
   9.3200000e+00   2.5980321e-04   1.0392652e-03
   9.3300000e+00   2.3050027e-04   9.2304056e-04
   9.3400000e+00   1.9894248e-04   7.8612957e-04
   9.3500000e+00   1.6525060e-04   6.4789202e-04
   9.3600000e+00   1.2837562e-04   4.9761050e-04
   9.3700000e+00   9.0657696e-05   3.3879755e-04
   9.3800000e+00   5.0061761e-05   1.7144118e-04
   9.3900000e+00   9.1024979e-06   2.0395511e-06
   9.4000000e+00  -3.2516889e-05  -1.7035934e-04
   9.4100000e+00  -7.4914031e-05  -3.4388155e-04
   9.4200000e+00  -1.1612340e-04  -5.1386377e-04
   9.4300000e+00  -1.5693234e-04  -6.8624618e-04
   9.4400000e+00  -1.9553852e-04  -8.4427138e-04
   9.4500000e+00  -2.3422871e-04  -9.9234697e-04
   9.4600000e+00  -2.6822649e-04  -1.1429396e-03
   9.4700000e+00  -2.9787819e-04  -1.2587415e-03
   9.4800000e+00  -3.2569343e-04  -1.3770719e-03
   9.4900000e+00  -3.4702060e-04  -1.4643705e-03
   9.5000000e+00  -3.6123979e-04  -1.5251145e-03
   9.5100000e+00  -3.7081788e-04  -1.5548035e-03
   9.5200000e+00  -3.7158672e-04  -1.5643353e-03
   9.5300000e+00  -3.6633680e-04  -1.5309658e-03
   9.5400000e+00  -3.5053213e-04  -1.4497162e-03
   9.5500000e+00  -3.2591618e-04  -1.3489819e-03
   9.5600000e+00  -2.9563641e-04  -1.2263520e-03
   9.5700000e+00  -2.6261595e-04  -1.0795469e-03
   9.5800000e+00  -2.2576484e-04  -9.3313489e-04
   9.5900000e+00  -1.8879968e-04  -7.7546070e-04
   9.6000000e+00  -1.4943775e-04  -6.0927678e-04
   9.6100000e+00  -1.0921442e-04  -4.4412216e-04
   9.6200000e+00  -6.9121091e-05  -2.7788599e-04
   9.6300000e+00  -3.0368040e-05  -1.1347658e-04
   9.6400000e+00   7.4963580e-06   4.3501154e-05
   9.6500000e+00   4.3525524e-05   1.9430777e-04
   9.6600000e+00   7.7570427e-05   3.3489471e-04
   9.6700000e+00   1.0920453e-04   4.6569029e-04
   9.6800000e+00   1.3781379e-04   5.8518533e-04
   9.6900000e+00   1.6287689e-04   6.8728748e-04
   9.7000000e+00   1.8463989e-04   7.7832151e-04
   9.7100000e+00   2.0420351e-04   8.5213580e-04
   9.7200000e+00   2.1855268e-04   9.1458427e-04
   9.7300000e+00   2.2911722e-04   9.5753110e-04
   9.7400000e+00   2.3412341e-04   9.7690897e-04
   9.7500000e+00   2.3672966e-04   9.8404741e-04
   9.7600000e+00   2.3535473e-04   9.7842156e-04
   9.7700000e+00   2.2848512e-04   9.4560041e-04
   9.7800000e+00   2.1849329e-04   9.0110211e-04
   9.7900000e+00   2.0385435e-04   8.4197508e-04
   9.8000000e+00   1.8613639e-04   7.7069223e-04
   9.8100000e+00   1.6510727e-04   6.7961983e-04
   9.8200000e+00   1.3970731e-04   5.7258759e-04
   9.8300000e+00   1.1204874e-04   4.5757191e-04
   9.8400000e+00   8.2553922e-05   3.3097840e-04
   9.8500000e+00   5.0476209e-05   1.9515333e-04
   9.8600000e+00   1.6270775e-05   5.1575485e-05
   9.8700000e+00  -1.8880641e-05  -9.5304524e-05
   9.8800000e+00  -5.4552228e-05  -2.4525114e-04
   9.8900000e+00  -9.0263316e-05  -3.9698518e-04
   9.9000000e+00  -1.2632860e-04  -5.4416151e-04
   9.9100000e+00  -1.5993066e-04  -6.8889944e-04
   9.9200000e+00  -1.9253556e-04  -8.2482239e-04
   9.9300000e+00  -2.2285710e-04  -9.4271227e-04
   9.9400000e+00  -2.4814836e-04  -1.0506159e-03
   9.9500000e+00  -2.7005651e-04  -1.1453586e-03
   9.9600000e+00  -2.8686594e-04  -1.2049949e-03
   9.9700000e+00  -2.9735626e-04  -1.2449911e-03
   9.9800000e+00  -2.9919525e-04  -1.2649698e-03
   9.9900000e+00  -2.9510901e-04  -1.2369068e-03
   1.0000000e+01  -2.8049546e-04  -1.1805357e-03
